The score of this birds is: 1632

The first hidden layer:
[[-1.1006055   1.68611828]
 [ 0.58244688  1.32232458]
 [-1.36709868 -0.99262664]
 [-0.09820225 -0.65166291]
 [ 0.00555047  0.36992554]
 [ 0.68712833  0.59899405]
 [-0.66508623  0.21805007]
 [-0.61897766 -0.14057781]]

The second hidden layer:
[[-0.40592005  1.24114577 -0.439257   -1.3844009  -0.13446789 -0.86667637
  -0.23208038 -0.28774448]
 [ 0.22904166 -0.19770246 -1.01923846  1.48699355 -1.86696029  0.95419772
  -0.99559001  0.88669873]
 [ 1.42441151 -0.48174647  0.13624514  1.73345187 -1.74980462  0.24993313
  -0.37164299  0.6258438 ]
 [ 0.39130992  0.5588771   1.70264003  0.03768926 -0.90461728 -0.07985956
   0.61827901  0.5596225 ]
 [ 0.64107738  0.6001062  -0.9398967   0.51285343 -1.40198313 -1.23854723
   0.65218236  0.1844194 ]
 [ 0.397864    0.89155813 -1.43536686 -0.33761961  0.38142812 -2.56778518
   0.20145048  0.75226566]
 [ 0.37250409 -1.68196919 -0.0168179   2.26496997  0.95728919  0.30060659
  -0.28028209 -0.17866201]
 [ 0.18757496  1.14497615 -0.60951418  1.52978482  1.18461165  0.16050369
   0.77068999  2.70482301]]

The first bias:
[[ 0.37760881]
 [ 0.76697618]
 [-0.15096613]
 [-1.72024613]
 [ 0.18510986]
 [-0.5280124 ]
 [ 2.23147291]
 [-0.06155905]]

The second bias:
[[-0.41845339]
 [ 1.16553414]
 [ 0.17454144]
 [-0.60197645]
 [-1.92373374]
 [ 1.63557427]
 [ 0.87064227]
 [-0.06817852]]