The score of this birds is: 1378

The first hidden layer:
[[ 1.10596572 -2.49758458]
 [ 0.03836215 -0.05483313]
 [-1.41461111 -0.61431288]
 [ 0.21454744  1.355163  ]
 [-0.35563771 -0.1057235 ]
 [ 0.42819806  0.68680424]
 [ 0.4482263   0.30381411]
 [ 1.54983558  0.04985524]]

The second hidden layer:
[[-0.3845001   0.0789922   1.31396867  0.73673613  0.76678234 -0.68001218
  -2.66004008  0.35621858]
 [ 1.02744408 -1.26142703 -1.15505642 -1.03148866 -2.30246864 -0.28755123
   0.3960965   0.37593893]
 [-2.12582465 -1.18186814 -0.04296253  2.80049152  0.23708378 -0.48972733
  -0.38269987 -0.96550969]
 [ 0.86788208 -0.63486855 -0.41861469 -0.02176611 -0.72073062  0.22832556
   0.91560616 -0.52315251]
 [-1.30014787  0.39378533  0.06230393 -1.02155548 -0.51070481  1.1850232
   0.54024688 -0.68470245]
 [-0.01536434  0.30744178  1.0590373   1.37630429 -0.19092319 -0.05152687
   0.31731242 -0.02691412]
 [ 0.27659777 -0.60014656  0.5475142   2.32841378 -0.61261684 -0.87424271
  -0.3186885   2.09303141]
 [-2.0998728  -1.25576396  1.40716822 -0.30055689 -0.96894902  1.11019371
  -0.83391566  1.75190254]]

The first bias:
[[ 0.18689228]
 [-0.07098603]
 [-1.51301589]
 [ 0.81524325]
 [-0.45624536]
 [ 1.45678496]
 [ 0.95137987]
 [ 0.59664594]]

The second bias:
[[-1.07816143]
 [-0.59649627]
 [ 0.80295806]
 [ 0.02106564]
 [ 1.18817837]
 [-2.15306233]
 [ 0.77343188]
 [ 0.36136004]]