The score of this birds is: 2146

The first hidden layer:
[[ 0.89927345 -0.91934349]
 [ 0.21881602 -1.04600875]
 [ 0.95669378  0.52060998]
 [ 0.51300383  2.41113219]
 [-0.55132997 -1.00332823]
 [-0.77935234  0.08438427]
 [-0.50631066 -0.2005243 ]
 [ 0.68173086  0.32456313]]

The second hidden layer:
[[ 3.37548034e-02 -1.58049416e+00 -4.05875581e-01 -4.30286071e-01
  -3.50915249e-01  9.38458015e-01  1.28394222e-01 -6.62368674e-01]
 [-5.50050932e-01 -1.52622338e+00  5.96179120e-01  9.69384395e-01
   4.08587416e-01  1.31257916e+00 -1.31772871e+00 -6.48235348e-02]
 [ 4.90048032e-01  6.30741584e-01 -2.47902164e-01  8.55149315e-01
  -9.32139388e-01  5.96093120e-01 -2.26198248e+00  2.67274371e-01]
 [ 1.96174760e+00 -9.49843784e-01 -1.37827211e+00 -7.48809374e-01
  -5.26506904e-01  6.01800801e-01  9.35815859e-01  9.18254271e-01]
 [ 2.00257577e-02 -4.39270664e-01  2.19929169e+00 -1.46892287e+00
   5.60155668e-01 -3.55535655e-01  7.06823211e-01 -2.15964862e-02]
 [ 7.03788762e-01  8.74340355e-01  2.55021724e+00 -1.25924102e+00
   8.11447325e-01  1.78935559e-03  4.12771263e-01 -2.28799144e-01]
 [-3.50482206e-01  3.67343469e-01 -6.27216243e-01  1.42597929e+00
   8.30791862e-01  1.93671232e-01 -6.89827988e-01  8.72475456e-01]
 [-4.49187958e-01 -1.19631218e+00 -1.80667741e+00  1.24281317e+00
  -1.71558648e-01 -4.32605000e-01 -8.21618336e-01 -6.10859691e-02]]

The first bias:
[[-1.17874882]
 [ 0.66592323]
 [-0.07830481]
 [ 0.51179182]
 [ 0.17950525]
 [ 0.81658251]
 [ 0.57681767]
 [-0.01628868]]

The second bias:
[[ 0.75683419]
 [-0.03212737]
 [ 0.53834278]
 [ 0.38255103]
 [ 0.41730739]
 [-0.3155634 ]
 [-0.61648705]
 [ 0.37382145]]