The score of this birds is: 576

The first hidden layer:
[[ 0.05845032  0.28914452]
 [ 0.93107309  0.04293822]
 [-1.12137312 -0.17195039]
 [ 1.98157654 -0.11377041]
 [ 0.05508028  1.53583055]
 [-0.36275472  0.84170243]
 [ 1.12173147 -1.30340893]
 [ 1.53904361  0.94312625]]

The second hidden layer:
[[-1.10497486  2.21993812 -1.15676168 -1.26318345 -1.46984506 -0.0501769
  -0.69400196  0.4520382 ]
 [ 0.60535833  0.15968427  2.65161375  1.41123597 -1.81309496 -1.31987443
   0.43386977  1.15536398]
 [-0.43913975 -0.48076181  1.7478113  -0.55510223 -0.04267235 -0.30477219
  -0.43495246 -2.29479967]
 [-1.05447619  0.19968558 -0.76987193  0.01247518 -0.47452442 -1.55954745
  -2.50058953 -1.0132618 ]
 [-0.02340841  0.90115451 -1.53826333 -0.97394022  0.01816512  0.30807176
   0.99190647 -0.49120984]
 [-0.03114924  0.14346549 -1.22746387  0.2826903   0.76152935 -0.24854385
  -1.49268245 -1.74514546]
 [-0.74651375  1.25249945  1.04637679 -0.03195267 -0.13351171 -0.36441107
  -0.45814797 -0.51252052]
 [ 1.06167295  0.04241537 -0.00893741 -0.64986367  0.40940975  0.19297585
  -0.77191066  0.40314712]]

The first bias:
[[-0.08491942]
 [ 0.46056724]
 [-2.16312826]
 [-1.32556216]
 [ 0.75762114]
 [ 1.48220072]
 [ 1.05523368]
 [-0.37932885]]

The second bias:
[[ 0.10381337]
 [ 0.40243997]
 [-0.5261332 ]
 [ 1.06297609]
 [ 0.29119373]
 [-1.87916096]
 [-1.78259912]
 [-0.38530857]]