The score of this birds is: 460

The first hidden layer:
[[-1.65875214 -1.23275933]
 [-0.98653774 -1.18383409]
 [ 1.66541536  1.36589021]
 [ 0.69793897  0.55791459]
 [-0.43790276 -0.21970416]
 [ 0.82743906  0.09587558]
 [-1.14562856 -1.33783167]
 [-0.35562154 -0.22858402]]

The second hidden layer:
[[ 0.42853772  0.53741645  0.23003246  0.23578622  0.37023396  0.5212848
   0.42498436  0.39828996]
 [-0.90346906 -1.16821274 -0.8565058  -0.93396236 -1.12019613 -1.13782187
  -0.98033214 -0.80821664]
 [ 2.1197865   2.43587561  2.14845936  2.16579742  2.33116157  1.79291129
   2.35203292  2.18836589]
 [-1.04846351 -1.41822194 -1.04159379 -1.32652281 -1.23446738 -1.09930452
  -1.38659942 -0.88862525]
 [ 1.098634    1.03145274  1.27927999  1.08546469  0.84711654  0.79282134
   0.47143912  0.79135909]
 [ 1.45951914  0.91690854  0.9215812   0.97568853  0.78772681  0.63433544
   1.17557074  1.04614863]
 [-1.01315094 -1.29937825 -1.51770446 -1.3795316  -1.51032939 -1.22156672
  -1.59974041 -1.26235239]
 [-0.33429798 -0.70560917 -0.90732447 -0.78659995 -0.40672608 -0.63310652
  -0.5746702  -0.67317443]]

The first bias:
[[ 0.09444711]
 [ 0.14169232]
 [ 0.07418327]
 [-0.22478199]
 [ 0.06970684]
 [-0.08614232]
 [ 0.3059406 ]
 [-0.26822435]]

The second bias:
[[ 0.56179807]
 [ 0.22391806]
 [ 0.26978179]
 [-0.02163253]
 [ 0.28096522]
 [-0.09323822]
 [ 0.03068343]
 [-0.00414531]]