The score of this birds is: 110

The first hidden layer:
[[-0.45941269 -0.22986545]
 [-0.91023266 -2.11153501]
 [-0.20024856  0.5966908 ]
 [ 0.16356077  0.56318661]
 [-0.58323255 -0.08879843]
 [ 0.69612132  1.2785351 ]
 [-2.63189396  1.78239535]
 [-0.36221436  2.2852854 ]]

The second hidden layer:
[[-0.11087035 -0.3315507  -0.43117473  0.82118923 -0.38601341 -0.5077228
  -0.33109872 -0.22440503]
 [ 1.30127292 -0.30389405 -0.1613791  -0.6767174  -0.14251009 -0.94458742
   0.72136627  1.91914936]
 [-1.0464536   0.3112561   0.38955499 -1.64682339  1.90604874 -0.99571102
   0.87553515 -1.09775908]
 [ 0.55080331 -0.87853698  0.29087546  1.93674991  1.15800122 -1.80959823
   1.30206668 -0.39671096]
 [-0.03290453 -1.27543856 -0.63396956 -1.51382678  1.04538861  0.48274178
  -0.99736748 -0.46923224]
 [ 0.55477911 -0.14356137 -0.49464021 -0.1833434  -2.67521265 -0.02833427
   0.281555    0.48198462]
 [ 0.81362946  0.08468262  1.16241775 -0.43308092  1.48556441 -1.23953495
  -0.11719156 -1.87184601]
 [-0.46684962 -1.999467    1.97155425 -0.43698434 -0.91731307 -0.01573447
   2.5461667  -0.81207862]]

The first bias:
[[ 0.36553632]
 [-0.38423769]
 [ 0.29460868]
 [-0.87393605]
 [-0.81380701]
 [ 0.66136444]
 [-0.31228312]
 [ 1.4468863 ]]

The second bias:
[[-1.50504377]
 [-1.70826559]
 [-1.51920629]
 [ 0.02703565]
 [-1.47327183]
 [-0.44241053]
 [ 0.19877845]
 [-0.36240175]]